163,159,152,154,150,150,154,159,166,169,161,147,97,92,102,102,101,102,103,100,107,113,118,121,122,132,124,129,125,126,126,131,132,133,132,129,130,128,133,129,131,128,124,125,130,131,128,131,128,127,132,129,128,126,131,125,127,128,123,118,120,106,99,123,142,153,157,148,149,149,159,150,148,148,150,148,148,150,151,204,212,211,148,96,111,111,115,118,117,119,116,122,128,111,124,123,116,115,132,168,
152,156,149,154,148,148,152,160,164,166,161,132,98,81,94,102,98,98,103,102,106,111,123,122,118,122,129,124,130,129,130,129,128,129,127,131,129,129,128,129,125,133,129,124,130,126,127,132,124,131,129,127,124,124,125,126,127,122,123,122,119,110,99,116,138,148,158,151,149,149,149,150,149,151,147,148,152,152,148,194,209,212,186,94,106,116,116,114,119,119,118,118,121,122,123,123,123,122,107,45,
154,154,150,155,152,149,150,165,166,163,156,131,97,87,93,102,102,101,102,98,108,112,115,119,118,122,123,126,128,127,125,126,125,130,129,126,126,126,124,125,130,126,124,124,127,125,126,136,129,124,128,125,125,124,127,126,122,125,124,120,120,110,105,99,127,147,156,152,154,157,158,155,153,149,155,147,149,149,149,154,203,212,210,144,101,110,116,115,117,114,118,115,122,116,123,124,129,107,47,43,
152,148,151,150,153,153,159,164,162,164,150,129,95,84,96,97,103,101,101,98,102,111,117,119,123,128,126,130,130,128,126,126,127,133,136,129,129,131,132,130,130,133,125,128,127,127,129,134,128,129,125,128,124,128,124,123,128,125,123,124,122,109,107,101,117,141,154,159,155,157,159,156,154,154,148,154,148,148,148,145,185,212,213,199,99,103,112,113,120,125,120,121,116,123,124,134,93,43,42,40,
153,152,153,155,154,153,164,157,159,157,152,134,98,88,97,98,101,99,102,101,104,109,119,115,120,123,128,127,126,125,124,127,129,128,128,128,123,125,123,126,126,125,125,126,123,125,124,126,128,127,127,130,124,125,123,122,123,123,126,123,119,116,105,101,105,137,150,158,161,158,158,157,159,151,149,150,148,148,148,149,142,202,207,211,168,99,108,114,113,119,116,121,127,128,134,91,45,46,44,46,
155,153,155,155,156,161,164,160,157,155,152,131,94,79,95,101,103,103,97,101,104,111,120,118,121,122,124,124,123,126,124,125,129,127,131,124,127,129,131,122,122,123,123,124,122,121,123,127,125,131,128,129,125,123,124,122,125,122,127,123,119,117,108,102,116,134,150,157,160,158,157,153,157,152,156,154,149,150,148,148,140,172,210,211,209,111,104,111,116,117,116,121,123,132,86,39,40,43,43,49,
154,150,151,159,161,165,163,154,158,158,152,133,93,88,93,100,102,104,97,100,104,109,115,120,122,124,121,125,122,127,126,128,128,129,125,128,126,127,126,124,118,119,123,122,123,121,120,124,127,123,130,125,126,128,123,120,126,122,124,124,122,115,107,102,114,131,140,148,154,156,152,159,157,152,152,153,153,149,149,149,146,138,196,205,210,195,105,111,111,120,121,121,128,92,41,47,43,49,44,54,
159,158,155,158,164,167,163,157,155,158,151,134,92,80,88,101,95,101,98,100,104,109,113,118,122,118,123,125,121,122,125,123,128,123,124,124,124,126,123,123,118,116,119,122,118,118,116,122,123,123,128,127,128,124,123,121,123,124,117,128,116,118,113,103,110,130,139,147,150,157,152,154,153,151,148,153,153,148,149,149,148,139,157,207,212,211,139,98,108,113,120,128,89,44,38,47,53,49,48,44,
162,161,161,165,158,151,154,160,152,155,155,138,91,85,90,102,99,100,103,98,106,109,116,112,122,121,116,127,118,126,123,124,124,130,124,124,122,125,123,126,123,123,114,120,114,113,116,113,119,128,122,122,123,124,128,122,121,117,122,121,123,115,111,103,107,127,137,141,147,149,155,151,155,150,151,148,153,150,148,141,140,139,138,199,211,212,199,96,102,108,120,95,38,40,46,60,47,49,38,40,
159,158,166,163,149,147,148,161,154,162,151,133,95,80,89,98,102,98,99,99,108,107,116,117,127,122,122,119,123,125,125,124,125,127,125,123,124,123,131,129,147,140,159,175,172,174,176,170,129,113,116,121,125,128,128,128,126,124,128,127,119,113,110,107,107,123,139,139,143,148,155,150,149,149,152,155,149,147,141,140,143,136,139,148,208,212,212,159,99,116,92,44,42,43,53,53,48,39,44,41,
158,162,164,156,139,133,146,160,157,164,152,136,95,83,90,94,97,101,98,102,104,114,118,117,124,124,123,125,130,125,125,123,117,123,123,122,125,138,147,132,140,155,157,175,175,173,168,170,174,186,180,111,117,122,125,125,123,126,122,118,117,108,110,103,110,127,139,138,142,145,148,150,154,148,148,147,141,138,142,138,137,138,139,141,185,212,215,210,120,97,42,41,42,46,48,49,45,45,46,39,
159,164,163,144,118,122,150,162,163,159,153,133,91,74,91,94,98,93,98,104,104,115,114,119,119,115,115,124,123,123,124,122,123,146,137,114,126,132,138,146,153,147,159,167,168,166,171,177,186,189,193,192,145,111,116,124,116,120,123,116,111,107,105,100,109,124,141,141,142,142,145,148,149,143,139,140,141,140,138,139,134,137,138,144,134,205,214,216,190,40,40,42,48,47,49,45,45,43,43,43,
162,168,154,130,90,123,150,163,162,164,155,134,90,72,82,92,90,95,97,100,102,106,115,113,120,116,118,125,120,121,122,119,121,121,122,120,126,128,131,135,141,144,154,151,162,169,183,187,177,183,187,196,192,191,105,109,113,118,118,114,113,109,105,101,106,126,139,144,142,141,146,145,146,148,141,139,139,139,139,139,137,135,142,139,140,168,212,215,95,35,40,44,49,53,39,41,47,39,43,51,
169,161,146,102,73,120,148,164,161,162,152,127,85,71,85,93,94,96,96,96,101,107,109,109,119,117,116,119,122,121,128,105,116,117,128,118,120,126,121,139,130,141,153,162,179,175,176,176,184,194,186,191,197,192,196,132,105,102,111,113,111,108,104,99,105,132,146,150,144,142,139,137,140,146,144,139,139,143,140,140,138,139,143,140,141,145,202,135,36,41,39,43,48,44,46,49,42,42,52,29,
164,153,123,72,82,122,150,165,162,162,153,130,84,68,85,89,97,95,95,94,106,107,108,109,113,115,120,121,120,124,108,112,106,110,124,118,128,129,132,123,123,126,142,154,156,164,174,180,190,179,192,196,190,196,196,197,151,94,95,107,108,102,101,98,101,127,144,152,149,147,133,125,126,141,142,139,140,141,138,139,141,141,141,148,143,153,104,43,42,41,53,43,40,40,51,45,47,64,32,66,
158,138,96,82,80,123,152,163,164,162,149,134,89,72,85,96,92,94,96,97,103,109,116,110,109,116,122,119,122,139,108,99,107,118,107,120,127,130,129,132,136,137,143,143,157,178,188,179,192,191,186,191,187,189,207,207,208,217,82,92,100,95,100,96,103,127,149,149,149,149,133,101,102,131,146,140,140,141,140,141,138,139,141,148,147,136,42,40,43,50,48,40,39,56,47,45,61,48,54,153,
149,120,71,80,85,122,148,163,164,161,151,125,90,70,89,90,97,94,97,96,96,107,110,115,108,119,118,123,127,106,103,112,110,122,111,116,110,125,132,140,120,121,123,135,155,168,184,186,178,180,165,199,203,207,207,207,206,217,216,81,93,96,93,96,105,123,146,149,150,148,140,93,66,112,138,142,139,141,139,139,141,141,141,145,147,47,31,47,49,51,43,38,43,43,43,52,62,62,137,150,
137,82,82,83,84,123,147,162,165,162,148,124,88,70,88,94,96,92,99,95,105,105,111,116,119,117,118,121,104,102,107,108,113,108,104,109,123,118,132,128,133,132,146,146,158,168,168,189,156,199,207,204,204,208,207,204,207,208,219,190,71,82,89,92,98,122,147,149,147,151,134,103,44,82,122,146,142,141,139,140,141,136,140,150,80,40,40,52,54,51,42,56,44,43,52,63,77,132,152,132,
102,81,90,83,81,121,148,162,163,163,151,126,88,76,88,94,98,92,90,94,104,104,113,112,116,118,120,115,103,115,114,116,113,114,109,121,124,135,141,145,143,148,135,147,161,179,154,167,203,196,200,201,198,192,202,206,207,204,208,218,97,65,77,86,96,123,146,152,151,151,140,99,38,54,107,138,147,140,139,142,138,141,145,135,35,40,43,51,56,41,40,52,45,44,53,77,126,144,138,158,
77,90,87,90,80,118,143,162,160,163,153,127,92,71,84,91,97,92,95,97,102,107,112,114,114,115,135,104,112,106,110,115,116,120,114,131,125,136,142,143,137,133,132,138,162,135,191,188,198,203,193,196,195,202,197,206,202,207,208,207,215,188,69,77,93,123,144,153,153,151,139,102,41,38,74,120,140,141,140,139,140,145,149,46,37,40,50,54,47,40,56,42,50,51,61,121,141,144,157,157,
83,91,89,86,91,122,143,158,163,160,152,128,92,71,86,92,94,99,96,99,99,108,111,118,114,114,110,99,101,115,108,113,109,112,128,131,140,136,137,131,129,127,136,124,156,192,197,185,188,190,193,192,204,207,202,205,203,197,207,208,207,209,164,61,88,122,147,150,151,151,137,105,45,38,41,89,128,143,137,137,143,149,92,37,41,46,52,50,44,50,40,45,49,45,117,145,135,145,162,163,
87,90,86,86,80,121,149,159,165,161,153,132,90,72,82,88,99,97,98,99,102,107,110,113,105,193,96,105,106,109,110,111,118,117,122,131,136,133,141,144,134,116,114,170,193,188,183,188,175,186,196,198,202,205,205,202,197,204,197,200,207,210,218,81,77,119,141,153,151,148,139,106,50,41,37,49,99,127,145,132,145,128,39,37,46,52,50,46,49,49,48,46,32,90,148,140,146,157,155,156,
91,86,80,79,82,119,148,158,160,158,155,130,92,75,85,89,93,92,94,99,100,105,112,107,99,190,97,100,103,111,106,112,121,130,131,131,136,131,133,107,114,141,163,187,183,189,184,170,188,193,193,192,194,202,202,194,203,198,206,206,207,208,218,209,69,120,145,148,149,150,144,106,52,42,37,29,163,214,189,211,214,44,42,42,51,50,48,45,51,45,51,37,69,138,143,139,157,157,157,149,
85,85,86,89,80,118,145,159,166,158,154,126,81,68,79,87,94,93,93,98,100,105,108,103,133,164,93,102,108,114,106,108,110,124,128,128,132,134,129,102,164,170,166,175,174,157,186,179,180,194,191,190,193,185,200,198,201,205,198,206,207,203,207,218,64,109,139,149,151,150,145,100,44,35,35,195,203,206,216,218,218,136,37,44,55,51,43,47,41,53,52,54,126,148,139,158,158,157,156,153,
89,86,90,88,84,115,149,164,163,163,154,127,83,72,81,93,90,96,99,95,101,101,109,101,209,138,92,105,105,116,119,125,130,118,106,127,118,117,103,166,168,168,160,178,175,186,168,188,176,186,179,178,200,198,196,194,197,198,207,206,207,206,203,207,201,103,136,150,154,156,136,96,32,48,206,154,206,215,207,205,214,210,37,42,50,45,44,40,50,52,44,101,155,144,153,155,156,158,157,153,
89,94,99,95,91,113,145,161,162,164,154,130,89,71,86,89,90,102,103,92,105,103,109,103,206,136,98,100,95,110,108,116,118,121,133,135,126,100,160,167,157,166,152,175,178,182,181,182,173,179,166,183,196,194,188,197,195,196,200,196,206,205,204,207,207,180,138,147,151,149,129,71,142,207,165,218,207,202,200,207,217,210,35,44,56,43,39,46,46,39,51,149,144,150,157,155,157,154,152,157,
92,99,97,100,92,117,145,162,162,163,159,136,91,75,81,89,97,97,100,96,108,105,111,101,205,117,91,94,113,107,97,103,124,123,115,117,105,149,155,145,162,165,167,170,181,176,173,178,163,179,177,188,186,187,189,197,195,164,188,197,199,198,197,196,197,207,176,153,146,140,132,207,184,194,207,203,203,198,203,207,215,188,39,42,48,47,42,49,48,34,123,152,140,158,155,156,152,153,151,148,
100,96,97,94,94,122,150,163,165,165,162,136,93,72,86,93,94,97,101,97,98,103,102,97,192,121,102,103,99,104,110,112,118,106,113,118,142,147,144,137,156,151,179,166,168,184,187,154,179,172,186,172,179,172,197,187,166,192,187,188,195,190,190,197,185,185,204,148,143,195,194,185,205,202,201,198,202,199,206,207,215,100,48,50,48,41,38,51,49,79,148,143,157,157,155,154,154,150,152,152,
97,98,95,95,94,118,148,162,166,168,166,136,92,71,89,91,98,93,95,95,101,100,96,138,174,138,106,102,100,112,113,120,120,125,110,143,148,133,119,145,158,165,151,168,171,175,160,176,172,179,175,178,188,189,168,182,187,176,190,188,187,179,187,178,183,188,179,176,205,183,195,202,202,198,195,202,204,197,205,207,218,43,40,47,51,40,44,49,68,135,145,147,157,156,155,156,156,152,151,155,
96,99,91,92,94,118,148,167,170,169,163,132,91,71,90,93,95,95,96,91,95,101,99,191,183,141,121,111,103,103,92,113,122,113,142,143,142,124,149,145,131,148,176,172,151,173,161,168,171,157,169,163,175,177,183,180,174,191,181,178,169,169,183,172,169,166,204,173,196,203,202,190,197,196,197,204,205,171,200,205,211,35,41,45,48,43,51,38,103,148,141,156,158,156,157,156,157,153,150,157,
93,94,93,94,92,118,146,167,168,171,163,137,89,76,89,89,98,96,96,95,98,97,94,199,177,148,148,120,106,95,106,114,104,141,137,153,113,143,144,148,147,146,160,147,171,164,167,160,177,164,154,172,168,160,166,175,186,181,172,172,184,168,165,157,204,175,194,198,199,194,196,198,196,201,202,203,165,156,180,196,183,36,46,47,41,43,45,58,143,146,150,158,153,157,157,157,156,153,154,153,
90,89,89,91,95,122,149,165,171,166,161,136,91,77,88,92,93,93,94,91,96,99,90,206,166,142,140,137,100,89,102,108,138,138,136,118,137,147,140,150,145,152,133,159,162,169,158,164,157,172,160,157,163,171,174,157,170,172,170,161,169,156,180,167,182,199,201,196,191,189,194,197,199,199,207,204,155,171,150,188,43,37,47,41,44,47,59,119,149,142,156,157,157,155,158,157,152,154,155,155,
91,90,94,87,97,123,150,165,171,165,171,145,90,79,88,94,97,89,93,96,95,98,84,201,175,168,159,133,120,105,109,146,134,140,115,149,141,129,126,144,146,138,157,148,165,153,145,164,162,147,157,173,163,161,166,161,157,158,164,163,160,195,180,195,197,189,189,189,192,196,201,202,199,205,206,150,172,164,143,217,37,41,48,43,46,44,69,149,140,154,157,158,151,155,157,155,151,152,149,156,
93,97,92,98,100,126,147,164,165,166,162,138,89,68,85,97,97,85,97,93,95,92,80,209,192,175,144,139,127,87,130,133,134,128,148,134,132,116,133,156,127,153,153,107,108,135,135,140,87,158,157,147,162,157,154,161,166,148,138,180,157,191,195,194,188,186,193,191,194,199,205,206,202,208,187,153,109,90,173,159,33,43,48,41,49,51,126,147,144,157,158,158,154,152,154,154,154,155,149,153,
94,99,91,92,98,123,149,171,168,171,164,140,91,73,80,91,93,91,98,97,96,94,74,214,200,182,143,133,132,114,111,131,117,139,134,133,110,130,139,127,145,143,132,132,114,102,69,166,159,118,122,98,143,111,65,85,38,151,196,159,184,195,192,191,196,193,195,199,200,197,202,202,202,201,141,81,99,143,216,33,44,42,38,51,47,73,145,143,151,158,157,156,153,153,152,155,152,149,152,152,
93,99,95,96,107,125,149,168,164,172,164,145,91,69,78,92,97,91,98,96,96,94,81,208,197,186,142,118,118,109,125,95,128,129,137,127,128,134,117,143,135,131,134,116,94,119,90,104,115,77,62,103,68,43,34,36,93,146,185,198,192,189,192,191,189,192,194,195,193,202,203,188,105,85,80,96,142,195,106,39,46,46,39,49,34,122,143,144,161,157,157,157,157,152,147,150,151,150,148,155,
95,100,94,98,106,129,154,168,165,170,164,139,91,70,84,93,96,95,96,95,96,90,86,155,196,183,148,115,134,124,93,118,140,133,116,125,131,123,137,126,123,131,112,107,62,53,54,102,88,100,100,50,69,34,29,142,116,192,184,189,190,186,189,191,190,191,193,197,198,203,93,90,85,94,114,168,202,40,40,46,44,47,46,51,50,144,142,154,157,157,161,157,157,156,152,150,154,151,151,152,
103,100,99,95,103,124,147,165,164,165,163,145,94,71,82,91,92,93,96,93,98,93,89,77,197,190,166,122,147,106,113,135,134,113,121,130,116,141,136,112,132,82,50,94,51,52,97,118,41,102,76,48,78,27,171,120,187,180,175,183,186,180,186,188,190,192,197,198,87,116,122,110,146,160,166,187,53,41,46,49,41,38,59,51,107,147,143,161,158,157,158,157,157,155,155,154,151,153,152,150,
102,101,101,95,103,121,149,166,168,166,164,138,94,70,86,91,89,98,97,95,94,97,98,80,212,204,190,166,155,109,134,140,97,122,121,124,131,96,129,114,56,69,51,40,43,49,101,46,87,90,45,70,113,169,130,188,181,175,179,177,177,180,186,189,192,193,95,46,110,99,157,160,166,165,192,66,35,46,47,51,40,43,51,49,142,141,157,161,157,163,157,157,155,156,157,153,154,152,151,150,
106,103,98,92,96,121,151,169,168,166,168,139,93,68,83,88,93,97,93,91,92,103,100,91,128,202,164,170,99,131,118,104,122,118,120,131,138,107,60,77,77,63,36,98,35,92,39,48,68,101,101,29,140,131,194,189,182,184,179,172,175,170,191,190,183,87,72,108,120,127,145,164,168,197,42,31,42,50,51,51,47,49,45,83,138,132,163,157,161,157,157,160,158,157,157,153,154,153,147,151,
103,103,100,97,92,115,148,164,168,171,162,140,93,68,84,92,94,95,97,96,99,100,99,100,86,216,191,188,115,116,119,118,128,134,127,112,125,74,72,79,68,38,51,54,50,60,43,45,44,78,122,134,125,186,189,185,178,179,177,171,180,178,178,184,193,156,92,126,106,131,128,171,183,42,39,42,51,44,53,42,42,51,51,115,125,151,166,162,158,157,158,158,157,158,157,157,152,155,150,152,
103,103,98,92,89,112,149,162,168,169,164,140,95,66,71,85,94,91,88,98,97,103,107,103,96,137,205,196,119,119,104,129,107,130,129,126,95,72,63,89,68,37,66,82,42,44,42,44,31,60,88,114,143,174,175,170,163,165,171,163,167,191,192,196,196,185,107,75,107,83,135,140,61,40,37,42,51,49,50,39,50,44,75,133,117,153,162,162,157,157,157,157,157,157,157,154,155,156,151,150,
97,103,103,97,84,112,146,171,169,170,168,144,96,65,85,87,94,97,94,94,95,101,109,106,100,127,207,176,109,110,121,102,137,133,117,71,54,51,39,62,62,66,76,94,63,41,38,39,51,105,134,145,175,181,178,157,166,177,154,166,188,195,196,196,196,195,129,67,40,78,130,147,47,44,43,52,44,54,41,42,50,42,113,127,135,157,158,159,159,156,158,157,158,157,156,156,156,156,153,147,
103,100,97,98,88,115,147,162,164,166,165,148,101,66,80,89,96,99,97,98,99,100,106,107,104,98,203,103,103,115,109,123,106,110,102,38,84,37,44,46,81,71,88,53,116,61,30,41,131,160,159,160,164,183,167,157,176,154,167,185,191,196,201,203,205,205,166,88,38,71,154,157,42,42,49,49,52,62,39,42,38,58,138,128,152,148,149,154,157,158,157,157,157,158,157,153,156,156,153,148,
101,101,98,95,87,109,145,164,169,170,171,145,102,71,82,90,101,99,100,98,98,133,106,111,112,106,217,109,116,97,130,138,108,77,47,43,59,44,46,47,41,51,98,65,120,31,36,145,159,172,167,175,178,180,165,169,146,163,172,185,192,196,199,204,205,205,173,91,42,42,73,166,47,43,48,57,59,50,40,48,40,87,138,136,156,148,146,146,145,150,152,156,157,156,155,155,152,151,151,148,
102,99,96,93,88,108,140,164,171,172,166,143,100,77,88,87,99,97,101,98,104,119,107,113,117,112,138,121,105,122,134,120,78,49,41,39,80,44,53,57,51,36,92,71,78,28,149,132,167,189,182,150,189,167,161,151,163,166,179,192,196,196,199,205,204,204,191,107,49,39,72,169,51,47,56,53,61,53,46,51,43,132,132,153,159,158,152,151,148,150,144,144,139,149,154,150,149,151,149,149,
99,101,96,97,86,111,145,166,172,171,167,148,95,75,85,89,100,97,103,98,105,108,113,106,101,101,115,110,126,137,125,72,84,33,40,43,37,88,41,48,96,47,50,79,28,139,113,153,157,187,186,142,171,154,159,161,169,171,171,186,196,198,195,203,205,204,200,132,75,36,73,172,54,41,48,61,59,40,48,44,69,138,133,162,159,157,155,158,160,154,154,140,139,140,138,141,144,150,148,147,
98,96,99,94,87,108,147,163,171,172,168,145,97,71,84,95,96,102,96,99,99,111,115,114,119,121,101,159,124,126,132,50,53,43,40,37,89,58,40,51,49,101,52,56,88,91,166,174,153,191,188,177,106,141,160,167,169,172,173,173,188,192,190,198,206,205,206,144,60,38,50,168,66,56,48,63,51,48,50,40,109,136,142,156,157,157,155,158,164,157,155,150,146,141,139,140,139,141,137,140,
98,98,101,97,90,108,146,162,173,172,168,145,95,74,82,90,99,97,103,101,101,106,116,117,131,88,40,85,195,80,54,72,43,98,31,40,55,58,49,48,71,43,84,33,103,175,174,184,156,187,185,125,133,104,63,87,152,172,172,167,186,187,185,193,198,191,138,89,49,33,50,151,104,51,62,58,49,50,52,44,129,131,153,156,156,153,156,156,156,157,152,154,152,152,149,144,138,140,138,135,
98,97,98,93,81,109,147,163,165,172,170,146,102,74,88,96,98,99,98,93,100,100,109,147,141,150,105,80,108,71,65,67,74,37,47,51,36,95,34,38,45,66,28,153,169,167,193,154,186,146,124,134,101,153,125,98,79,116,163,163,185,188,186,173,113,96,118,118,85,48,41,136,118,41,55,57,42,52,54,62,139,128,152,152,155,155,152,151,156,153,152,151,153,156,150,153,148,143,134,134,
98,93,91,95,83,112,144,165,173,171,168,145,102,74,83,86,95,100,95,96,93,126,152,147,147,148,141,42,36,74,124,64,98,37,80,57,34,48,82,39,47,36,83,109,168,189,194,180,96,70,59,51,50,44,36,92,123,122,142,153,184,196,192,137,66,53,42,54,66,43,37,122,118,47,57,56,45,43,39,103,132,140,154,157,148,149,149,154,153,152,150,152,147,144,152,150,144,139,139,133,
96,92,87,86,76,97,140,168,172,172,170,145,101,67,85,87,95,92,90,85,82,179,121,144,139,121,64,37,121,56,39,98,129,30,40,51,42,38,57,74,38,26,124,186,172,195,192,109,70,41,53,45,62,196,79,45,120,122,141,146,185,207,126,44,55,140,63,42,52,48,43,109,107,60,58,42,44,48,41,134,136,157,156,152,148,149,152,151,154,150,149,151,149,147,146,141,138,134,129,130,
96,90,90,84,73,98,144,164,171,175,172,144,103,72,87,96,100,97,96,92,48,104,193,146,107,52,37,103,47,50,45,107,109,42,40,38,65,41,49,38,34,104,149,149,182,197,150,113,80,45,118,86,63,207,200,72,90,115,134,157,193,205,95,93,93,148,112,42,41,43,49,86,136,79,56,41,47,44,58,141,133,156,154,153,152,151,148,151,147,151,150,147,149,142,138,137,133,128,126,143,
95,94,92,86,71,93,144,165,172,178,173,145,105,82,88,99,102,106,56,61,123,180,211,94,74,39,116,57,46,90,79,120,134,53,52,36,43,44,48,31,47,92,152,178,194,145,123,122,136,105,96,136,176,197,165,134,128,119,127,152,209,188,92,134,142,170,94,55,51,46,65,72,145,73,50,42,47,40,88,136,147,153,151,152,146,149,153,149,150,151,147,146,145,137,139,134,129,152,167,181,
97,97,87,82,71,91,140,169,174,180,174,149,107,81,96,101,105,130,66,144,131,136,58,43,55,71,120,38,60,85,54,107,104,114,44,39,43,44,35,30,145,179,172,194,146,109,133,137,144,142,136,119,134,131,147,152,118,130,123,145,207,198,147,132,114,77,76,83,49,47,73,64,163,79,51,48,54,47,128,130,156,155,150,151,150,147,147,149,147,147,145,141,138,132,133,151,171,182,187,191,
95,94,86,80,62,85,139,166,180,176,174,152,107,75,89,102,106,107,154,127,66,82,49,56,66,108,106,46,43,63,112,81,128,88,44,40,42,43,32,70,103,175,187,172,91,117,138,147,152,153,149,149,151,162,166,165,128,133,129,141,199,203,169,149,132,120,106,95,64,52,60,59,175,55,39,40,51,46,138,133,155,151,153,147,146,149,146,146,145,142,143,139,131,124,165,188,192,192,182,183,
88,85,80,72,59,79,138,166,175,180,175,149,106,72,88,101,104,109,108,139,150,67,56,100,121,88,113,35,44,119,79,116,145,63,54,48,37,45,39,133,178,188,195,67,107,121,137,149,152,165,171,165,165,166,169,153,141,131,127,134,199,212,176,156,139,132,118,105,49,52,65,50,176,51,45,39,40,83,134,145,157,152,149,152,146,145,144,143,143,139,139,134,132,169,192,193,192,184,182,191,
80,79,82,74,55,86,146,170,175,172,176,152,105,71,81,125,126,132,111,48,76,59,55,73,102,130,44,40,45,46,58,76,44,138,65,41,40,42,81,117,175,204,30,81,118,124,135,141,154,165,172,171,168,171,164,152,143,138,131,126,189,213,168,163,142,133,125,109,59,58,67,43,167,58,44,47,38,117,136,154,153,148,148,150,149,146,149,141,139,144,129,133,166,193,194,192,193,184,192,200,
74,75,66,67,52,83,141,166,185,175,173,151,104,77,92,103,109,117,81,115,111,65,98,74,90,64,35,47,46,42,49,79,36,130,128,33,32,31,129,175,188,53,44,87,113,125,133,142,146,166,173,167,169,170,158,145,139,135,121,132,170,218,169,153,143,134,124,98,51,49,85,41,163,105,54,46,38,126,132,158,156,152,148,146,146,144,139,142,142,138,128,146,184,192,186,195,193,197,203,205,
72,73,73,66,52,79,141,168,169,172,170,144,107,70,130,92,107,150,74,92,72,65,94,62,123,67,59,61,45,43,65,45,43,135,122,95,36,70,106,196,204,33,53,81,114,127,132,140,147,151,170,170,166,165,158,141,132,131,119,132,166,218,162,152,146,132,124,85,44,55,78,31,163,135,43,54,59,137,149,159,152,150,149,147,144,140,139,142,140,135,132,183,191,187,191,191,197,205,201,202,
79,72,73,60,51,75,143,163,170,170,171,147,105,71,111,134,106,105,80,105,77,53,73,77,115,144,44,51,36,49,115,59,106,181,37,96,27,143,138,206,31,33,64,77,108,123,125,132,143,151,155,165,159,164,156,138,125,130,118,123,156,210,179,152,146,132,123,65,41,63,77,31,160,141,30,39,100,133,152,153,147,148,145,148,142,143,140,144,138,134,151,192,192,192,192,202,202,201,202,202,
79,77,74,59,47,71,137,165,171,169,171,149,106,70,87,126,123,105,83,93,74,81,125,88,131,49,36,38,48,39,55,97,88,102,37,39,81,112,200,71,33,32,83,77,107,122,129,129,140,148,147,160,161,161,144,133,115,132,121,125,154,210,201,144,147,133,116,39,45,62,65,31,148,153,43,35,131,137,157,153,152,146,146,148,145,145,139,139,134,126,184,192,191,192,201,207,201,202,202,204,
84,77,70,61,42,79,136,163,170,171,172,153,111,106,118,101,117,66,90,118,68,64,71,99,82,51,53,53,61,35,67,35,117,33,39,39,161,163,178,40,42,38,91,80,111,123,127,132,139,142,144,153,155,155,144,130,120,131,137,118,142,198,186,144,142,125,94,37,47,61,65,37,128,145,46,33,142,139,153,152,150,146,148,145,145,146,142,139,134,151,193,196,192,197,202,202,201,202,207,205,
82,71,76,64,58,95,146,162,173,170,170,152,116,69,85,96,110,92,88,128,41,139,83,66,89,125,130,36,53,32,36,71,57,45,27,132,180,192,35,35,43,38,104,91,108,119,128,133,140,141,145,151,155,152,148,141,124,97,108,88,118,175,162,144,136,126,44,41,47,70,68,53,100,133,57,72,146,145,152,148,146,144,152,143,140,139,142,138,132,164,194,192,196,202,203,202,206,203,207,202,
76,71,77,62,70,112,148,165,164,171,176,152,112,69,86,98,110,39,98,59,97,50,73,66,79,137,133,31,69,131,28,67,43,101,148,109,133,64,33,58,42,40,113,92,112,120,128,132,134,140,145,146,151,154,150,149,139,131,138,132,192,186,157,145,133,108,40,43,49,79,66,46,54,144,91,126,143,153,155,150,149,145,144,150,144,140,139,137,125,180,192,198,200,207,202,202,207,204,203,207,
74,74,71,65,69,118,151,159,169,170,173,154,111,68,85,101,156,51,87,108,58,46,70,89,105,69,127,74,71,83,65,46,137,171,90,92,172,41,50,59,58,52,109,99,118,122,127,133,142,139,139,144,153,153,154,150,141,139,171,170,198,192,153,144,134,46,43,42,64,75,63,50,43,159,90,138,141,153,153,147,143,143,145,139,147,144,138,136,136,189,192,198,210,202,202,202,202,209,209,206,
67,63,65,62,70,119,148,162,166,172,175,156,114,65,85,146,115,69,105,49,69,55,51,65,78,78,117,124,121,36,58,105,163,187,87,165,35,47,44,56,56,41,93,83,110,122,130,127,133,132,132,133,145,145,153,143,144,153,196,192,199,187,142,140,121,42,43,40,52,66,53,49,33,163,74,143,142,148,153,149,145,138,145,139,144,140,137,131,139,191,192,202,202,202,201,202,202,209,206,206,
59,58,66,63,66,111,150,166,168,172,174,152,114,69,107,89,119,68,106,47,69,77,96,82,77,104,78,123,46,81,156,164,193,92,117,41,40,59,36,48,74,42,100,76,110,120,126,129,131,140,133,131,132,141,139,138,151,150,140,171,160,164,123,138,45,39,41,49,59,78,71,53,32,161,88,140,143,152,151,151,143,148,143,143,143,139,138,131,142,190,199,210,203,209,209,207,206,209,207,205,
52,58,67,57,72,118,151,168,172,173,173,157,112,71,105,92,152,44,46,52,71,52,99,106,102,62,117,61,62,144,179,203,79,90,133,44,35,66,44,53,67,32,104,80,101,118,127,124,132,135,142,138,86,76,100,105,92,80,101,122,91,116,132,134,43,48,44,49,52,71,62,74,42,152,130,138,144,156,146,147,143,146,140,145,139,143,133,126,152,197,207,211,202,204,205,211,207,213,209,212,
49,49,61,54,81,115,149,167,171,175,174,154,115,126,79,140,113,66,58,37,73,84,110,82,105,88,77,108,120,137,118,165,100,182,41,49,40,52,41,52,56,44,91,75,91,114,121,123,123,133,146,142,126,124,119,130,136,172,167,203,142,140,138,44,45,45,39,51,60,72,59,82,41,143,156,139,145,153,147,149,151,142,144,139,141,141,138,126,160,199,212,206,208,211,212,212,210,209,206,212,
51,52,51,51,81,109,151,166,176,176,175,163,123,62,93,104,101,68,56,41,96,62,145,128,79,75,117,111,153,144,196,113,199,50,47,53,43,50,49,57,57,47,76,76,73,104,112,117,122,125,136,142,137,129,119,129,125,140,139,137,140,149,110,44,40,45,51,50,68,66,64,71,43,136,150,143,151,152,151,150,149,147,150,143,140,139,137,123,164,209,212,213,207,212,211,213,209,202,202,203,
46,48,48,50,91,104,141,165,173,174,176,156,109,59,161,101,52,81,40,38,59,59,178,68,113,73,112,104,75,136,201,154,49,42,47,54,41,48,51,65,52,51,60,79,66,87,100,105,116,125,130,138,139,133,129,128,121,120,119,144,145,134,68,41,42,52,44,47,80,73,68,69,55,130,147,148,149,149,148,152,151,152,144,140,137,139,133,120,163,212,212,211,212,214,211,206,202,202,202,212,
45,44,41,59,100,114,141,161,175,172,175,156,113,64,124,96,63,68,48,45,45,49,147,116,150,105,80,127,76,124,214,105,44,50,44,54,39,47,46,46,52,56,48,61,51,66,86,102,112,118,132,133,137,138,143,144,158,162,152,153,146,56,54,42,48,51,44,48,89,68,71,78,44,124,148,142,153,152,147,150,145,153,143,154,139,137,130,115,172,212,212,211,211,212,211,210,212,209,206,202,
43,44,44,67,101,112,139,159,169,169,175,154,111,61,92,106,78,103,50,48,41,65,101,65,127,121,115,125,129,76,174,72,45,50,45,57,36,51,53,43,53,55,56,52,48,66,53,85,100,124,126,135,143,144,157,161,164,156,167,151,148,39,42,47,47,52,51,43,92,74,66,74,67,122,150,152,154,152,145,150,145,144,145,143,138,133,133,113,187,214,212,207,208,211,212,210,202,201,202,202,
44,47,45,58,92,118,141,163,171,172,172,155,112,59,85,45,56,93,53,51,41,36,124,46,88,109,133,110,132,85,67,52,46,45,45,59,39,51,45,40,41,57,49,60,56,68,44,44,75,103,112,132,136,145,149,163,166,163,163,146,122,41,50,49,51,66,49,50,105,75,67,78,73,115,151,143,146,146,143,148,143,149,149,139,139,134,122,114,201,214,207,210,212,210,209,202,200,192,184,125,
44,44,41,51,90,107,144,160,170,170,175,154,100,71,148,113,46,56,51,62,45,41,149,96,79,115,79,95,140,131,150,52,44,50,50,75,38,51,43,49,47,50,54,65,62,58,77,55,61,68,90,94,117,126,143,147,165,146,146,130,96,49,52,50,50,46,41,55,92,81,77,90,80,126,157,119,115,133,132,139,138,147,142,138,135,124,122,114,202,213,207,207,207,209,202,195,159,73,33,39,
49,49,40,39,72,87,137,164,169,168,171,147,115,159,73,66,37,69,57,47,45,47,126,141,69,50,94,118,123,127,46,190,48,44,54,77,37,44,48,53,45,45,48,54,48,45,72,97,123,128,124,133,132,136,146,149,151,150,163,179,191,182,70,47,47,46,45,44,86,85,73,90,63,143,148,115,111,107,115,115,119,121,133,134,135,124,119,138,212,207,203,211,203,201,189,150,51,35,47,73,
81,60,48,47,60,73,128,162,166,169,171,160,127,62,94,34,30,83,54,50,98,63,50,126,123,124,149,82,101,130,83,144,132,37,55,61,40,53,51,41,47,47,43,55,58,48,73,108,121,123,123,131,133,134,142,140,140,145,170,182,196,200,204,198,83,43,43,47,73,72,70,84,76,171,130,138,135,127,109,107,104,98,109,112,113,109,104,140,208,198,204,207,205,189,150,55,40,59,76,73,
129,114,82,66,52,58,121,158,166,170,173,158,108,121,75,39,35,38,109,35,118,73,35,67,132,88,82,119,108,129,117,143,47,159,48,55,35,50,47,42,55,49,47,54,67,48,61,102,116,122,124,126,131,135,134,133,142,150,168,182,185,190,201,199,204,198,38,49,82,63,69,70,60,160,132,141,134,135,130,128,111,104,93,92,89,113,86,119,204,198,208,202,197,159,47,66,69,75,74,84,
125,144,128,96,59,49,120,159,168,168,171,152,141,91,41,41,33,49,126,115,77,68,38,105,66,81,57,81,119,142,129,53,136,92,47,51,42,59,48,42,51,53,43,54,71,50,72,105,116,123,119,131,140,139,133,137,145,157,167,175,185,189,189,202,202,207,209,52,49,56,56,69,46,148,134,144,145,136,136,132,131,123,120,102,95,133,92,150,208,209,207,202,150,45,66,79,74,87,87,78,
124,150,155,131,74,48,122,158,172,169,171,153,209,134,40,47,51,61,37,72,54,52,47,40,128,40,75,74,85,128,133,132,74,73,156,47,45,58,49,48,55,49,47,61,85,70,53,114,116,102,128,136,135,138,138,145,152,159,166,172,179,185,192,192,202,204,205,217,49,45,56,65,42,144,142,144,139,141,138,137,132,129,122,120,120,130,107,188,207,208,207,187,99,53,85,88,89,100,87,93,
68,128,150,152,98,45,120,160,171,170,174,158,174,69,35,35,40,56,51,39,101,61,42,97,41,84,63,69,113,121,126,128,115,172,110,34,34,54,47,40,49,47,40,65,101,97,40,109,112,132,132,134,139,135,139,142,151,153,158,167,169,181,173,189,202,202,206,208,214,48,47,56,40,137,144,142,140,143,139,141,139,134,124,124,120,132,122,200,208,211,208,151,67,90,87,92,107,98,88,96,
36,98,166,166,121,40,120,163,172,172,172,158,132,109,29,40,46,40,46,47,115,43,37,50,45,67,99,100,71,114,131,131,117,29,86,33,37,55,43,40,49,41,53,54,111,99,34,101,123,129,132,135,138,139,139,141,144,154,158,159,168,171,178,192,190,202,206,206,217,155,40,47,47,134,145,141,142,141,138,136,136,137,134,126,113,142,156,209,208,208,199,107,81,85,101,105,96,85,99,94,
33,83,162,175,129,34,124,156,183,175,175,158,117,140,46,40,45,41,51,36,132,36,45,46,53,87,75,82,89,88,138,147,87,79,174,29,35,46,40,39,48,46,42,63,109,97,40,102,127,123,135,135,134,134,139,146,146,150,153,163,166,172,182,183,202,205,207,206,218,218,37,37,72,140,147,150,143,139,139,134,132,135,120,120,134,185,197,210,208,207,183,85,91,92,101,106,85,89,99,101,
30,70,151,175,117,31,118,163,175,172,176,163,141,69,44,57,40,48,36,45,121,39,54,60,48,43,58,94,105,77,138,119,119,49,168,91,43,52,45,47,54,50,51,76,113,112,40,105,128,132,133,131,135,131,139,141,141,147,157,159,164,170,176,185,188,205,206,206,209,219,114,31,118,132,147,144,145,140,136,134,132,126,124,115,193,211,199,212,212,200,134,86,87,97,109,100,86,101,96,100,
30,53,154,175,129,34,114,163,177,176,175,163,127,46,55,35,41,45,38,114,90,38,47,39,35,55,35,62,119,73,132,146,124,115,94,47,57,51,60,56,55,44,58,113,120,114,57,103,123,129,133,135,131,135,134,139,140,146,158,158,166,172,177,183,192,196,205,204,206,218,207,27,126,138,141,140,140,134,138,135,126,121,119,121,204,210,207,212,209,183,99,92,88,103,106,91,92,102,92,80,
29,46,150,175,128,38,113,163,172,169,168,156,132,58,41,45,47,44,50,45,77,45,60,52,41,58,45,58,49,121,126,124,83,124,167,134,89,57,68,50,51,42,73,120,124,111,69,113,128,129,134,133,136,132,134,137,140,145,148,155,154,166,169,180,189,199,205,205,205,205,216,27,126,140,145,139,140,136,138,135,134,120,120,132,208,204,204,212,200,140,118,93,94,106,101,86,101,103,96,76,
30,43,146,173,144,36,110,163,174,175,173,163,148,50,47,47,44,45,54,42,64,45,42,66,43,54,53,32,53,96,116,101,124,53,38,27,53,76,106,50,44,68,88,118,126,89,83,125,129,133,137,133,136,129,132,135,138,140,146,157,156,164,172,172,189,196,206,205,205,205,212,62,127,135,144,139,141,135,137,135,132,121,124,136,204,199,205,209,187,116,113,98,94,103,84,91,103,87,86,90,
30,40,136,173,144,43,110,157,175,174,174,157,156,49,48,35,51,88,51,40,54,47,50,46,39,59,91,83,51,99,130,74,113,65,58,54,45,60,46,51,43,73,102,117,124,63,96,129,135,139,138,137,138,137,133,132,138,141,146,150,157,164,165,178,186,190,196,205,205,205,208,180,135,133,141,138,138,139,137,136,135,124,128,131,168,182,210,208,170,108,103,84,96,84,81,100,90,89,95,94,
31,37,120,167,144,51,100,159,172,171,173,161,143,65,49,41,60,46,46,58,65,51,57,45,52,54,39,52,60,47,86,79,62,156,104,48,41,49,45,43,49,81,110,123,120,51,107,133,135,139,141,136,137,132,134,134,139,143,146,149,154,153,162,171,181,189,196,199,206,205,210,216,146,96,106,121,131,140,141,137,134,137,142,140,131,162,213,203,146,108,97,85,90,73,100,97,84,87,84,77,
30,30,114,175,156,59,102,157,166,173,176,162,124,76,44,41,50,51,52,49,47,63,47,50,35,69,55,60,122,56,39,58,78,103,35,51,42,44,34,46,65,104,116,122,89,75,133,130,139,138,139,139,138,135,135,133,134,140,148,149,149,154,162,166,177,185,188,205,205,205,212,218,104,57,67,83,93,104,110,121,134,149,154,132,132,194,212,192,121,87,79,94,67,82,96,90,88,100,78,54,
34,28,116,175,160,78,97,153,171,172,182,160,121,72,38,50,45,38,65,48,45,61,52,37,44,44,32,100,120,122,51,125,83,42,45,37,42,44,42,53,84,123,112,109,37,103,129,131,128,135,138,136,141,141,132,127,132,133,135,145,148,153,159,165,171,178,190,205,206,205,212,218,144,76,92,73,65,70,68,70,79,119,141,169,148,204,209,155,86,58,79,80,74,103,92,89,94,91,74,46,
43,57,111,175,175,83,93,158,168,171,184,168,89,76,38,39,41,49,52,48,40,59,55,48,45,44,42,36,93,149,133,85,75,40,37,48,40,33,37,66,98,112,112,48,65,125,137,133,137,133,135,142,135,139,135,137,134,130,139,147,150,148,157,159,172,174,188,201,204,204,204,217,211,82,101,100,86,72,59,47,32,51,168,192,159,206,196,114,64,70,75,74,94,91,88,85,99,93,55,46,
90,83,114,176,177,109,94,152,171,171,184,164,104,85,37,58,41,40,44,44,53,51,62,42,46,48,66,51,44,84,148,97,127,50,39,41,35,38,65,80,112,112,58,49,119,126,132,133,132,136,137,140,140,140,132,136,132,136,135,138,141,150,152,159,166,179,185,197,205,205,206,211,215,78,98,103,99,81,72,58,38,39,189,185,185,198,145,53,62,72,67,95,91,78,75,93,107,80,68,52,
81,102,133,175,174,125,96,150,171,170,182,170,96,81,54,48,40,45,50,44,44,61,43,81,48,56,48,84,50,50,118,96,50,40,42,40,38,49,72,98,116,37,53,101,119,129,131,137,136,134,137,139,139,140,138,140,135,139,137,139,142,145,150,160,161,170,180,188,197,205,206,205,208,107,91,104,102,90,89,69,66,69,180,208,176,138,64,52,66,60,90,100,74,70,84,112,95,79,59,65,
67,106,103,158,175,121,99,150,172,176,176,166,75,66,41,52,40,47,45,45,42,55,42,97,39,40,44,52,46,73,115,68,69,31,38,38,37,67,70,51,41,93,107,116,128,128,134,132,133,137,135,139,141,142,140,140,136,136,134,139,139,144,149,154,163,171,171,185,196,200,204,205,204,189,78,98,93,92,95,88,92,84,171,196,105,73,57,71,67,92,111,75,58,74,97,104,94,63,69,61,
47,77,92,154,175,128,101,148,170,175,177,163,83,38,37,44,48,47,49,38,47,73,37,100,102,33,103,31,103,61,109,125,41,45,41,41,38,50,73,83,100,120,118,123,127,126,130,133,135,130,134,139,143,143,143,140,141,138,138,139,137,144,149,157,158,166,172,181,189,195,205,205,206,214,82,87,93,103,96,103,108,103,111,106,79,76,83,71,83,99,80,66,56,100,108,108,85,61,54,51,
53,59,68,159,189,154,99,148,175,181,177,165,65,57,41,46,46,48,60,75,39,100,37,103,131,36,102,51,68,66,93,92,66,36,41,49,59,87,110,109,117,123,122,125,127,125,130,135,130,131,136,137,141,140,144,141,140,145,140,140,144,144,148,151,157,160,168,177,181,195,202,205,205,207,66,83,96,101,105,115,114,114,101,101,95,104,83,79,92,71,67,70,73,114,117,102,66,56,45,43,
46,49,56,188,200,183,102,146,170,176,175,166,98,42,44,42,50,51,59,55,41,97,41,107,74,77,39,58,36,69,43,110,100,28,38,63,83,101,106,117,116,123,122,123,128,130,129,130,135,133,138,136,140,139,142,145,143,144,147,141,142,147,150,149,159,164,169,181,181,189,203,202,205,205,125,74,95,94,119,117,118,111,105,108,118,107,89,95,85,81,87,75,107,124,100,81,51,51,53,66,
46,47,53,189,194,181,101,150,176,176,176,164,71,48,42,35,56,59,67,53,75,50,56,116,79,96,53,95,37,78,61,49,70,114,61,81,95,107,115,121,121,118,125,127,120,130,128,129,136,130,131,134,133,140,140,137,141,141,151,143,142,148,149,151,158,165,166,173,179,189,193,204,205,204,196,84,82,93,100,118,129,118,117,130,121,96,82,75,81,83,75,94,126,122,75,48,44,46,71,98,
